
 174
 137
 106
 122
 66
 207
 458
 205
 162
 422
 66
 134
 100
 759
 158
 196
 526
 157
 376
 294
 275
 85
 318
 278
 172
 241
 236
 498
 961
 219
 169
 121
 178
 138
 129
 286
 759
 158
 196
 419
 157
 294
 78
 85
 157
 192
 264
 141
 236
 498
 961
 187
 144
 237
 138
 102
 97
 174
 137
 106
 122
 66
 207
 458
 205
 162
 422
 66
 134
 100
 759
 158
 196
 526
 157
 376
 294
 275
 85
 318
 278
 172
 241
 236
 498
 961
 219
 169
 121
 178
 138
 129
 286
 759
 158
 196
 419
 157
 294
 78
 85
 157
 192
 264
 141
 236
 498
 961
 187
 144
 237
 138
 102
 97
 106
 66
 79
 324
 444
 205
 162
 173
 66
 167
 169
 243
 247
 150
 537
 47
 226
 187
 65
 331
 249
 221
 246
 275
 169
 289
 398
 688
 128
 188
 143
 232
 165
 134
 162
 243
 247
 150
 266
 47
 72
 187
 179
 331
 244
 190
 390
 310
 169
 289
 398
 688
 153
 185
 188
 138
 83
 23
 174
 137
 106
 127
 66
 203
 436
 205
 162
 204
 66
 83
 241
 302
 458
 264
 62
 99
 72
 172
 139
 224
 142
 253
 594
 762
 128
 101
 115
 66
 46
 104
 137
 139
 126
 181
 46
 302
 458
 264
 328
 266
 72
 102
 139
 482
 142
 162
 246
 253
 594
 762
 179
 96
 41
 164
 66
 151
 205
 162
 150
 66
 167
 138
 655
 467
 319
 341
 192
 86
 226
 116
 174
 137
 106
 111
 66
 596
 1005
 205
 162
 195
 122
 112
 512
 142
 655
 467
 319
 341
 101
 86
 116
 116
 359
 302
 128
 375
 596
 1005
 105
 261
 172
 158
 97
 204
